6105773032
5645736933
6197243380
6363323542
5242398242
6733394205
5833402306
5957704172
7680613797
7151576234
8109318800
7418721889
7190924647
8048097085
6908348799
7638850014
7536494019
6800362476
6718428411
6202116102
5505889668
6635052336
5923734124
4485905244
5150316522
4613349550
4290600150
8200920265
7761509107
5822298174
5661729781
6236492819
4966495748
5655130784
7191058549
6854835260
7429607082
6371717586
6014744529
5160697950
5232673766
4726482228
5199731266
4666597792
4870383967
5109588922
5034105060
4626471768
4662916812
5560765750
7606323037
9064640483
11862404304
9281151356
6307987616
7795617419
9396278903
5933141054
5219069345
5943610523
5194205824
5827523051
8109315271
6412193121
5454654692
5657379215
4814900610
5027909831
5688161787
4946152221
4783594862
5064880236
5333533055
4837600228
4470589525
5361906455
4996917765
5522962158
6528661187
5660408528
4757221344
4767239942
5536869309
4708164903
4962044486
5374618905
4950239309
4866578005
5075708267
5263689048
5493776707
5418187795
5930492820
11734569429
8086807082
5452791326
4801672989
5227635017
4987087940
4719214877
5520025082
4887612756
4974438163
4815208761
5211116979
4913353399
5159630722
4847841454
5568402019
5105110546
6148190905
5875263187
4984704151
4438389964
5349656961
4793338833
4914234724
6342475823
6050732795
6041988434
4754478325
6264430572
5469715557
4836550644
6231011364
6339634277
5129576502
6182590483
5722310264
7615376978
6102649655
5848468734
4678880486
6290862375
4888645659
4556930712
5055721925
4923406640
4772483734
5348220984
6623456953
5581326099
5420448584
6250114261
5784309612
5280559281
5284005574
4861263968
5163272245
4882402778
6143267209
5798993069
7310429632
6760838272
7085509614
6196218624
5505120445
5103826428
5107174377
5527830565
5301663087
4984469562
7286415696
9944658003
6157529667
10431055822
6191788951
6756506140
6594138040
6200893543
5555070754
4450820191
5135963771
5700635631
5533912787
4243002103
5950256241
4563017829
4652390013
4980483571
5064106967
4818516200
5343868743
6571642708
6212256614
4756515761
6117253057
4443856975
4955363057
4596706641
5055207403
5218431579
4443083817
5053050669
5054900301
4849674055
4919794354
5277386654
4392389627
4500322661
