13104922
163011479
352509231
163768717
317337171
328672482
166273771
189561755
245337269
186516881
224560428
314327179
284696830
268004790
282426165
287368880
417135865
369148864
407745532
400153920
403205355
427226961
451188334
534112319
522414385
551828980
565008610
647211404
700531081
726280865
810365039
798538379
817966429
819162132
847263811
955295419
1054546089
984899889
1176135262
1231112164
1220116429
1308807177
1312066533
1324030820
1451023262
1497381120
1486230104
1882428680
1530104830
1694412039
